energy: 0.519304
force: 0.825220 0.137747 0.373184