energy: 0.759952
force: 0.660953 0.584472 0.037957