energy: 0.497888
force: 0.804447 0.526701 0.879478