energy: 0.623777
force: 0.013689 0.169101 0.828119