energy: 0.237189
force: 0.674973 0.429256 0.955087