energy: 0.627218
force: 0.776825 0.465697 0.156152