energy: 0.080441
force: 0.274262 0.035846 0.684355