energy: 0.923002
force: 0.137197 0.695067 0.355917