energy: 0.369773
force: 0.696340 0.277312 0.381392