energy: 0.357178
force: 0.669171 0.070876 0.668305